tFin = 63072000 
m1 = 1.98892e30
m2 = 5.9736e24
r0=6800e3
r1=1.5e9
L2x=1.51099098533097e11
L2y=0
a = 149598023e3
nsel_physics = 2
adapt = false
tol = 30
sampling = 1 //frequency of data writing
output = output.out
nsteps = 3000 
